12, 1, 5, 957, 0, 1, 0, 1
74, 1, 7, 1000, 1, 1, 1, 1
10, 2, 3, 710, 1, 0, 0, 1
5, 1, 8, 255, 0, 0, 0, 0
20, 2, 9, 510, 1, 1, 1, 0
8, 0, 5, 857, 0, 1, 1, 0
21, 0, 2, 927, 1, 1, 1, 0
60, 3, 6, 387, 1, 1, 0, 1
85, 3, 7, 650, 0, 1, 0, 1
16, 2, 7, 154, 0, 1, 1, 0
83, 2, 3, 214, 1, 1, 1, 1
26, 3, 5, 494, 0, 0, 1, 1
78, 2, 3, 85, 1, 1, 1, 0
22, 1, 7, 362, 0, 1, 0, 1
28, 1, 2, 429, 0, 1, 1, 1
89, 1, 6, 421, 0, 1, 0, 0
95, 1, 3, 575, 1, 0, 0, 1
80, 2, 0, 247, 0, 1, 1, 1
66, 2, 7, 101, 0, 0, 1, 0
36, 3, 2, 831, 0, 0, 1, 1
30, 2, 1, 399, 1, 1, 1, 1
25, 1, 3, 646, 0, 0, 0, 0
40, 2, 2, 204, 1, 1, 1, 1
3, 3, 1, 531, 1, 1, 1, 0
5, 2, 4, 226, 0, 0, 1, 0
23, 3, 9, 1002, 0, 0, 1, 0
85, 2, 1, 577, 0, 1, 0, 1
22, 0, 8, 102, 0, 0, 1, 1
85, 1, 3, 141, 0, 1, 0, 0
41, 3, 8, 435, 0, 0, 1, 0
43, 1, 2, 401, 1, 0, 1, 0
85, 2, 6, 612, 1, 1, 0, 0
40, 0, 9, 837, 1, 1, 0, 0
89, 1, 3, 803, 0, 1, 0, 1
92, 1, 8, 822, 0, 0, 0, 0
78, 0, 9, 418, 0, 0, 0, 1
33, 0, 3, 718, 0, 1, 1, 1
3, 1, 4, 260, 1, 0, 1, 0
89, 2, 2, 694, 0, 0, 0, 0
23, 2, 2, 548, 0, 1, 0, 0
93, 3, 3, 233, 0, 0, 1, 1
12, 1, 3, 118, 0, 0, 1, 1
37, 3, 6, 692, 0, 1, 1, 0
85, 1, 4, 435, 0, 0, 1, 1
76, 2, 4, 19, 1, 0, 1, 1
17, 1, 8, 421, 0, 1, 1, 0
80, 1, 0, 136, 0, 1, 1, 0
15, 1, 5, 593, 0, 1, 1, 1
8, 0, 7, 813, 1, 0, 0, 1
3, 0, 3, 127, 1, 1, 0, 1
1, 3, 6, 589, 1, 1, 0, 0
93, 0, 2, 416, 1, 1, 0, 0
73, 3, 9, 33, 1, 0, 0, 0
66, 0, 3, 573, 1, 1, 0, 1
95, 2, 4, 573, 0, 0, 0, 0
33, 2, 9, 101, 0, 0, 1, 1
53, 3, 9, 17, 1, 0, 0, 1
35, 3, 8, 343, 0, 0, 1, 0
14, 0, 1, 866, 0, 1, 0, 0
8, 1, 2, 981, 1, 0, 0, 1
86, 1, 9, 722, 0, 0, 1, 1
25, 2, 7, 252, 0, 0, 1, 0
21, 0, 0, 421, 1, 0, 0, 0
52, 3, 2, 386, 0, 1, 0, 0
14, 3, 1, 984, 1, 1, 0, 1
74, 0, 6, 745, 1, 0, 0, 0
96, 0, 9, 155, 1, 1, 1, 0
99, 1, 6, 948, 1, 0, 1, 0
5, 2, 4, 82, 1, 1, 1, 0
73, 1, 5, 595, 1, 0, 0, 1
16, 1, 1, 331, 1, 0, 0, 1
17, 1, 5, 111, 1, 0, 0, 1
97, 0, 9, 706, 0, 1, 1, 0
36, 2, 5, 232, 0, 0, 1, 0
35, 0, 6, 616, 0, 1, 1, 0
40, 2, 3, 233, 1, 0, 1, 0
67, 1, 2, 93, 0, 1, 1, 1
92, 1, 8, 97, 1, 1, 0, 0
7, 0, 1, 731, 1, 0, 0, 1
71, 2, 2, 631, 1, 0, 0, 1
46, 1, 5, 856, 1, 0, 1, 0
99, 2, 6, 721, 0, 0, 0, 0
22, 2, 5, 319, 0, 1, 0, 0
92, 0, 8, 459, 1, 0, 0, 1
20, 2, 5, 1, 0, 1, 1, 1
94, 0, 4, 952, 0, 0, 0, 1
10, 1, 0, 375, 1, 0, 1, 1
19, 3, 1, 543, 1, 0, 1, 1
65, 0, 8, 469, 1, 1, 0, 1
49, 2, 3, 761, 1, 0, 1, 1
71, 3, 0, 88, 0, 0, 0, 0
87, 0, 1, 277, 1, 1, 0, 0
32, 0, 7, 405, 0, 0, 0, 1
40, 0, 5, 302, 0, 0, 1, 0
12, 0, 7, 694, 1, 1, 1, 1
39, 2, 4, 361, 0, 0, 1, 0
62, 0, 2, 218, 1, 1, 1, 1
81, 0, 1, 557, 1, 1, 0, 1
2, 2, 1, 248, 1, 1, 1, 0
22, 3, 4, 241, 0, 0, 0, 0
22, 0, 4, 66, 0, 1, 1, 1
49, 3, 1, 190, 1, 0, 0, 1
51, 0, 2, 809, 1, 0, 0, 1
75, 3, 8, 299, 1, 1, 0, 1
87, 3, 3, 937, 1, 1, 0, 0
55, 1, 9, 892, 0, 1, 0, 1
9, 0, 1, 694, 1, 1, 0, 1
78, 2, 0, 911, 0, 0, 1, 1
11, 2, 7, 365, 0, 1, 0, 0
17, 0, 7, 514, 1, 0, 0, 0
12, 1, 4, 856, 0, 1, 1, 1
8, 3, 0, 190, 1, 0, 1, 1
58, 2, 0, 930, 1, 0, 1, 0
78, 0, 5, 16, 0, 1, 1, 0
15, 0, 4, 60, 0, 1, 1, 1
34, 2, 7, 870, 1, 1, 0, 1
27, 2, 7, 322, 0, 0, 1, 0
11, 0, 0, 663, 0, 1, 0, 1
6, 2, 4, 281, 0, 1, 1, 0
69, 3, 6, 414, 1, 1, 1, 1
80, 0, 7, 365, 0, 1, 1, 1
3, 2, 7, 109, 0, 0, 1, 1
73, 3, 4, 338, 0, 1, 1, 1
38, 0, 1, 286, 1, 0, 1, 0
18, 3, 8, 670, 1, 1, 1, 1
98, 0, 2, 97, 0, 1, 1, 0
55, 0, 8, 912, 1, 0, 1, 0
61, 3, 3, 630, 1, 0, 1, 1
34, 0, 4, 120, 0, 0, 1, 0
13, 1, 1, 623, 1, 0, 1, 0
72, 0, 7, 369, 1, 1, 1, 0
32, 2, 0, 983, 0, 1, 0, 1
80, 1, 1, 149, 0, 0, 1, 0
91, 3, 2, 283, 1, 0, 0, 1
62, 0, 4, 545, 1, 0, 1, 0
23, 0, 7, 118, 1, 0, 0, 1
5, 2, 0, 920, 0, 1, 1, 0
13, 3, 5, 906, 0, 0, 1, 1
88, 0, 0, 470, 0, 1, 0, 1
95, 2, 3, 856, 1, 0, 0, 1
9, 0, 0, 613, 0, 1, 0, 0
50, 3, 0, 924, 0, 1, 1, 1
6, 1, 9, 646, 0, 0, 1, 1
62, 2, 0, 482, 0, 1, 1, 0
40, 1, 1, 708, 0, 0, 0, 0
89, 1, 7, 837, 1, 1, 0, 0
53, 1, 2, 840, 0, 0, 0, 1
47, 2, 4, 755, 0, 0, 1, 1
26, 1, 5, 203, 1, 1, 1, 1
87, 2, 2, 874, 1, 0, 1, 0
51, 1, 9, 441, 0, 1, 1, 0
55, 0, 6, 6, 0, 1, 0, 0
25, 3, 5, 49, 1, 0, 0, 0
62, 1, 9, 488, 0, 0, 1, 0
77, 0, 3, 649, 0, 0, 1, 0
35, 3, 2, 748, 0, 1, 0, 1
17, 3, 4, 624, 0, 1, 0, 0
66, 0, 0, 704, 1, 0, 1, 1
75, 2, 9, 15, 1, 0, 1, 0
34, 1, 9, 709, 0, 1, 1, 0
42, 3, 2, 892, 1, 1, 0, 0
61, 2, 0, 206, 0, 1, 0, 1
81, 0, 3, 167, 0, 0, 0, 0
60, 1, 1, 995, 0, 1, 0, 0
94, 3, 1, 991, 0, 1, 1, 0
37, 0, 3, 668, 0, 0, 0, 0
17, 1, 4, 215, 0, 0, 1, 1
96, 0, 1, 358, 1, 1, 0, 1
87, 2, 9, 423, 1, 0, 1, 1
69, 3, 4, 953, 1, 0, 0, 1
71, 3, 7, 767, 1, 1, 0, 0
82, 1, 3, 37, 1, 0, 1, 0
43, 1, 7, 824, 1, 1, 0, 1
93, 3, 8, 812, 1, 1, 0, 1
62, 2, 1, 23, 0, 0, 1, 0
15, 0, 7, 323, 0, 1, 0, 0
42, 0, 7, 61, 1, 0, 0, 0
14, 1, 3, 203, 1, 1, 0, 0
86, 1, 7, 482, 0, 1, 0, 0
4, 0, 7, 642, 1, 0, 0, 0
98, 3, 5, 427, 0, 1, 0, 1
87, 3, 3, 622, 0, 1, 1, 1
61, 1, 3, 462, 1, 0, 0, 1
27, 1, 3, 172, 1, 0, 1, 1
65, 2, 6, 211, 0, 1, 1, 0
10, 1, 5, 346, 1, 0, 1, 1
90, 2, 3, 556, 1, 0, 0, 0
0, 1, 2, 816, 1, 1, 0, 1
20, 0, 2, 575, 0, 0, 1, 0
80, 0, 9, 251, 1, 1, 0, 0
86, 1, 4, 580, 1, 1, 1, 1
16, 0, 3, 812, 0, 0, 1, 0
89, 1, 8, 345, 0, 1, 0, 0
69, 3, 9, 214, 1, 1, 1, 1
1, 2, 5, 520, 0, 1, 1, 0
28, 0, 6, 254, 1, 1, 0, 1
50, 1, 5, 649, 0, 1, 1, 1
11, 0, 2, 601, 0, 1, 0, 0
92, 2, 1, 288, 0, 0, 0, 1
75, 3, 8, 470, 0, 1, 0, 1
43, 3, 4, 38, 0, 0, 0, 1
49, 3, 4, 154, 1, 0, 1, 0
13, 2, 0, 594, 0, 0, 0, 0
37, 0, 5, 166, 1, 1, 0, 1
35, 1, 0, 471, 0, 0, 1, 1
21, 3, 5, 818, 1, 0, 1, 1
6, 3, 0, 162, 0, 0, 1, 1
78, 1, 6, 897, 1, 1, 1, 1
7, 3, 1, 85, 1, 1, 1, 0
52, 0, 7, 363, 1, 1, 0, 0
12, 2, 0, 969, 0, 1, 1, 1
91, 1, 2, 479, 1, 0, 0, 1
47, 1, 5, 234, 1, 1, 0, 0
96, 3, 2, 624, 0, 0, 1, 1
84, 1, 4, 380, 0, 1, 0, 0
10, 2, 7, 678, 0, 1, 0, 1
56, 2, 0, 99, 1, 0, 0, 0
46, 2, 9, 362, 1, 1, 0, 1
72, 1, 9, 619, 1, 0, 0, 0
68, 1, 9, 782, 1, 0, 1, 1
56, 2, 6, 990, 1, 1, 1, 1
70, 0, 8, 872, 0, 0, 1, 1
2, 1, 8, 919, 0, 0, 1, 0
30, 1, 3, 149, 1, 0, 1, 0
15, 3, 0, 578, 1, 0, 0, 1
43, 0, 0, 178, 0, 0, 0, 1
32, 1, 6, 197, 0, 1, 1, 1
21, 3, 4, 28, 0, 0, 0, 1
67, 1, 9, 307, 1, 1, 0, 0
31, 0, 1, 86, 1, 1, 0, 0
41, 1, 4, 847, 0, 1, 0, 1
55, 3, 8, 187, 0, 1, 1, 1
38, 0, 8, 189, 1, 0, 1, 0
6, 3, 1, 626, 0, 0, 0, 0
6, 1, 1, 998, 1, 0, 0, 0
60, 3, 1, 320, 1, 1, 1, 0
13, 1, 4, 286, 1, 0, 0, 1
88, 3, 0, 668, 1, 1, 0, 1
72, 2, 9, 964, 0, 0, 1, 1
65, 2, 7, 357, 0, 1, 1, 0
23, 1, 2, 546, 0, 1, 1, 0
71, 1, 9, 919, 0, 0, 0, 0
50, 1, 2, 167, 1, 1, 0, 0
21, 3, 5, 355, 0, 0, 1, 0
78, 0, 3, 33, 0, 1, 1, 1
98, 1, 2, 85, 1, 0, 1, 1
68, 3, 9, 99, 1, 0, 0, 1
69, 1, 4, 969, 0, 1, 0, 0
14, 1, 3, 708, 0, 0, 0, 0
99, 0, 3, 784, 1, 0, 1, 0
4, 2, 9, 331, 0, 0, 1, 0
40, 0, 7, 117, 0, 0, 0, 1
29, 1, 2, 447, 1, 0, 0, 1
59, 1, 9, 618, 1, 0, 0, 1
63, 3, 5, 682, 0, 0, 0, 1
87, 3, 2, 182, 1, 1, 0, 1
82, 3, 6, 913, 0, 0, 0, 0
95, 1, 6, 567, 1, 1, 1, 1
82, 0, 8, 754, 1, 0, 0, 0
20, 3, 6, 659, 1, 1, 1, 1
2, 0, 6, 784, 1, 0, 1, 1
34, 2, 8, 405, 0, 1, 1, 1
29, 2, 3, 116, 1, 1, 0, 1
57, 1, 8, 485, 1, 0, 0, 1
35, 0, 4, 326, 0, 0, 0, 0
13, 3, 9, 85, 0, 1, 1, 1
68, 0, 9, 994, 1, 1, 1, 0
45, 0, 8, 322, 0, 0, 1, 1
20, 2, 7, 569, 1, 1, 1, 0
33, 1, 5, 655, 0, 1, 0, 0
93, 0, 8, 568, 1, 1, 0, 1
65, 2, 3, 755, 1, 0, 0, 0
49, 3, 6, 934, 1, 0, 0, 0
92, 3, 9, 514, 1, 0, 1, 0
51, 1, 3, 266, 0, 1, 1, 1
1, 0, 3, 542, 1, 1, 0, 1
51, 3, 1, 217, 1, 1, 0, 1
70, 1, 1, 566, 1, 1, 1, 1
66, 0, 0, 996, 1, 1, 0, 1
10, 2, 5, 613, 0, 1, 0, 1
85, 2, 0, 924, 1, 0, 0, 1
39, 0, 8, 264, 0, 1, 0, 0
8, 2, 6, 207, 0, 0, 0, 0
74, 1, 2, 806, 0, 1, 0, 1
80, 3, 3, 569, 1, 0, 1, 0
32, 2, 0, 859, 1, 1, 1, 1
42, 2, 6, 13, 0, 1, 1, 1
54, 2, 7, 384, 1, 0, 1, 0
80, 3, 7, 583, 0, 1, 1, 1
91, 1, 5, 860, 1, 0, 0, 1
2, 2, 6, 727, 1, 1, 1, 1
64, 3, 6, 921, 0, 0, 1, 1
7, 1, 0, 807, 1, 1, 0, 1
74, 2, 1, 971, 0, 0, 0, 0
86, 0, 6, 975, 0, 1, 0, 0
40, 2, 8, 959, 0, 0, 0, 0
87, 2, 7, 497, 1, 1, 0, 0
76, 3, 9, 623, 0, 1, 0, 0
59, 0, 8, 299, 1, 1, 0, 1
60, 1, 8, 634, 1, 1, 1, 0
40, 3, 0, 723, 1, 0, 1, 1
36, 2, 6, 417, 0, 0, 0, 1
92, 0, 8, 357, 1, 0, 1, 1
61, 1, 6, 927, 0, 0, 0, 1
31, 3, 2, 851, 1, 0, 1, 0
4, 1, 3, 227, 0, 0, 1, 1
34, 1, 9, 539, 1, 1, 1, 1
23, 3, 3, 796, 0, 1, 1, 1
27, 1, 6, 240, 1, 0, 1, 1
27, 0, 0, 454, 1, 0, 1, 0
39, 2, 6, 260, 1, 1, 1, 0
7, 0, 0, 458, 1, 0, 1, 0
96, 2, 6, 80, 0, 1, 1, 0
56, 3, 1, 833, 1, 0, 0, 0
26, 3, 2, 914, 1, 0, 1, 1
63, 0, 7, 867, 1, 0, 0, 0
19, 1, 8, 415, 0, 0, 0, 1
37, 1, 9, 724, 1, 1, 0, 0
15, 1, 4, 499, 1, 1, 0, 0
76, 1, 5, 167, 0, 1, 0, 0
8, 1, 0, 370, 1, 0, 0, 1
64, 1, 6, 553, 0, 0, 1, 1
99, 0, 1, 358, 0, 0, 1, 1
90, 2, 8, 489, 0, 0, 1, 0
32, 2, 1, 332, 1, 1, 1, 0
69, 3, 6, 654, 0, 1, 1, 0
15, 2, 8, 806, 0, 1, 0, 1
18, 3, 7, 746, 1, 1, 1, 0
34, 1, 6, 753, 1, 0, 0, 1
32, 2, 3, 493, 0, 1, 0, 0
21, 1, 3, 536, 1, 0, 1, 1
7, 3, 2, 442, 0, 1, 1, 1
77, 3, 4, 658, 0, 0, 1, 1
23, 0, 0, 596, 0, 0, 0, 1
43, 3, 9, 62, 1, 0, 0, 0
73, 1, 1, 826, 1, 1, 1, 0
16, 0, 7, 980, 0, 0, 1, 1
55, 3, 4, 504, 0, 1, 1, 0
56, 2, 1, 804, 0, 1, 1, 0
66, 1, 6, 360, 1, 0, 0, 0
35, 1, 1, 502, 0, 1, 1, 1
12, 1, 0, 783, 1, 1, 0, 1
84, 0, 0, 700, 1, 1, 1, 0
98, 2, 2, 283, 1, 1, 1, 1
99, 3, 1, 668, 0, 1, 1, 1
79, 3, 3, 597, 0, 0, 0, 0
60, 2, 6, 484, 0, 0, 0, 0
67, 2, 7, 434, 1, 0, 0, 0
53, 1, 8, 663, 1, 0, 0, 0
24, 1, 7, 890, 0, 1, 1, 0
52, 0, 5, 997, 1, 1, 0, 1
18, 0, 9, 87, 1, 1, 0, 0
67, 1, 4, 120, 1, 0, 0, 0
36, 0, 9, 816, 1, 1, 0, 0
37, 1, 0, 549, 0, 0, 0, 0
23, 0, 4, 685, 1, 0, 0, 0
9, 2, 3, 151, 0, 1, 1, 1
80, 0, 1, 9, 1, 1, 0, 0
14, 1, 9, 720, 0, 1, 0, 0
94, 3, 2, 450, 1, 1, 1, 1
27, 0, 7, 123, 1, 0, 1, 0
1, 0, 3, 596, 0, 1, 0, 0
40, 3, 8, 741, 1, 0, 1, 1
54, 1, 9, 384, 1, 0, 1, 1
65, 2, 7, 440, 1, 0, 0, 1
58, 0, 0, 623, 0, 0, 1, 0
31, 1, 0, 345, 1, 1, 0, 0
15, 0, 5, 822, 1, 1, 0, 0
47, 2, 4, 14, 1, 0, 1, 0
84, 2, 7, 521, 1, 0, 0, 0
0, 1, 1, 738, 1, 1, 0, 0
22, 0, 5, 508, 0, 0, 0, 1
73, 3, 8, 735, 0, 1, 1, 1
96, 2, 4, 161, 1, 0, 0, 1
9, 1, 2, 965, 1, 1, 1, 1
57, 1, 5, 972, 0, 1, 0, 1
33, 3, 1, 364, 1, 0, 1, 0
57, 1, 0, 231, 0, 0, 1, 1
73, 0, 7, 717, 0, 0, 1, 1
84, 3, 6, 502, 1, 0, 1, 0
48, 1, 6, 62, 1, 0, 1, 0
61, 1, 6, 649, 1, 0, 0, 0
78, 1, 1, 56, 1, 1, 1, 1
53, 1, 3, 741, 1, 0, 1, 0
34, 0, 6, 202, 0, 1, 0, 1
40, 3, 7, 948, 1, 0, 1, 1
92, 1, 7, 8, 1, 0, 1, 0
64, 1, 3, 692, 0, 1, 0, 1
88, 1, 6, 560, 0, 1, 1, 1
95, 1, 3, 62, 0, 0, 0, 1
58, 3, 5, 350, 0, 1, 0, 1
62, 0, 8, 108, 1, 1, 1, 0
90, 0, 5, 464, 1, 0, 0, 1
78, 1, 2, 69, 1, 0, 0, 0
70, 1, 7, 207, 0, 0, 0, 1
69, 2, 8, 737, 1, 0, 0, 0
8, 3, 1, 969, 0, 0, 1, 0
97, 3, 8, 315, 0, 0, 1, 0
20, 0, 2, 519, 1, 0, 1, 0
53, 0, 6, 406, 1, 1, 0, 0
18, 2, 4, 260, 0, 1, 0, 0
99, 2, 2, 963, 1, 1, 1, 0
64, 2, 7, 191, 0, 1, 0, 1
89, 3, 4, 429, 0, 1, 1, 0
2, 1, 7, 529, 0, 1, 0, 1
7, 2, 7, 513, 0, 0, 1, 1
63, 3, 5, 778, 0, 1, 1, 0
47, 1, 7, 424, 0, 0, 0, 1
12, 3, 4, 194, 0, 0, 1, 1
83, 2, 0, 848, 0, 1, 0, 1
86, 1, 0, 391, 0, 1, 1, 0
18, 2, 5, 415, 1, 0, 0, 0
91, 1, 1, 378, 0, 1, 1, 1
17, 2, 4, 228, 0, 1, 0, 1
86, 0, 3, 974, 1, 1, 1, 1
36, 0, 3, 122, 0, 0, 0, 1
51, 2, 4, 729, 0, 1, 0, 1
88, 3, 6, 709, 0, 0, 0, 0
16, 3, 8, 973, 1, 1, 0, 1
89, 3, 6, 659, 1, 1, 0, 1
10, 3, 4, 970, 1, 1, 0, 0
59, 3, 1, 829, 1, 0, 0, 0
97, 1, 9, 776, 0, 1, 1, 0
23, 2, 6, 716, 0, 1, 0, 0
1, 1, 0, 702, 1, 0, 1, 1
85, 3, 2, 824, 1, 0, 0, 0
53, 3, 4, 430, 1, 1, 1, 0
90, 2, 1, 618, 1, 1, 1, 1
51, 1, 4, 62, 0, 1, 1, 1
65, 1, 6, 259, 0, 0, 1, 0
91, 1, 0, 784, 1, 1, 1, 0
79, 0, 5, 547, 1, 1, 0, 0
44, 3, 4, 521, 0, 1, 1, 0
28, 2, 5, 280, 0, 1, 1, 0
36, 0, 1, 159, 1, 0, 1, 1
51, 2, 0, 755, 0, 0, 1, 0
37, 1, 2, 674, 1, 1, 0, 1
7, 0, 5, 855, 1, 1, 1, 0
98, 2, 6, 870, 1, 1, 1, 0
97, 0, 9, 698, 0, 1, 1, 0
63, 1, 8, 319, 1, 1, 1, 0
99, 3, 5, 227, 1, 1, 0, 0
90, 0, 4, 341, 0, 1, 1, 1
46, 3, 9, 705, 0, 1, 0, 0
76, 3, 8, 760, 1, 1, 1, 1
87, 0, 0, 88, 1, 1, 0, 0
77, 3, 5, 60, 0, 1, 0, 0
30, 3, 6, 334, 0, 1, 0, 1
11, 1, 3, 892, 1, 0, 1, 1
65, 3, 7, 744, 1, 1, 1, 0
77, 3, 6, 907, 1, 1, 1, 1
29, 2, 3, 482, 1, 0, 0, 1
88, 1, 5, 886, 0, 0, 1, 0
45, 0, 6, 956, 1, 0, 1, 1
66, 2, 8, 241, 0, 0, 0, 1
95, 0, 1, 59, 0, 1, 1, 0
80, 2, 2, 58, 1, 1, 1, 1
3, 3, 7, 511, 1, 1, 0, 1
74, 0, 4, 745, 0, 0, 1, 1
67, 1, 3, 868, 0, 1, 1, 0
68, 3, 7, 720, 0, 1, 0, 0
35, 3, 3, 944, 0, 1, 1, 1
1, 3, 2, 416, 0, 0, 0, 1
25, 3, 8, 785, 0, 0, 0, 1
47, 3, 1, 992, 0, 1, 1, 0
76, 3, 7, 340, 1, 1, 0, 1
68, 0, 7, 997, 1, 0, 0, 0
93, 0, 8, 508, 0, 0, 1, 0
92, 0, 0, 524, 0, 0, 0, 1
27, 1, 0, 14, 1, 1, 1, 1
94, 3, 5, 957, 0, 1, 1, 0
20, 2, 4, 180, 1, 0, 0, 1
66, 2, 0, 757, 1, 1, 0, 1
20, 3, 5, 237, 0, 1, 1, 0
97, 3, 6, 407, 1, 1, 0, 1
97, 2, 4, 936, 1, 0, 1, 1
54, 0, 6, 396, 0, 0, 0, 1
56, 0, 3, 582, 0, 1, 0, 1
79, 0, 2, 668, 1, 0, 1, 0
22, 3, 6, 70, 0, 0, 0, 1
85, 0, 6, 742, 1, 1, 1, 1
90, 2, 1, 477, 0, 1, 1, 0
6, 1, 6, 624, 0, 0, 0, 0
79, 1, 3, 313, 1, 1, 1, 1
99, 1, 5, 369, 1, 0, 0, 0
21, 1, 1, 893, 0, 1, 0, 0
73, 3, 5, 827, 1, 1, 1, 1
30, 1, 5, 853, 0, 1, 1, 0
45, 3, 0, 902, 1, 0, 1, 1
99, 2, 4, 924, 1, 0, 0, 1
41, 2, 6, 795, 0, 0, 0, 0
47, 1, 3, 267, 1, 1, 0, 0
62, 1, 4, 964, 0, 0, 0, 1
2, 2, 2, 562, 0, 0, 0, 0
12, 3, 5, 421, 0, 1, 1, 0
8, 2, 5, 669, 1, 1, 0, 1
11, 2, 7, 682, 0, 1, 1, 1
63, 1, 7, 630, 0, 0, 0, 0
79, 0, 4, 923, 0, 0, 0, 1
27, 1, 3, 572, 1, 0, 1, 1
3, 0, 5, 565, 1, 0, 0, 0
23, 0, 7, 315, 1, 0, 0, 1
53, 2, 3, 992, 0, 0, 1, 0
85, 2, 4, 590, 1, 0, 0, 0
4, 3, 7, 827, 0, 0, 1, 0
87, 1, 9, 446, 0, 0, 1, 0
90, 1, 8, 943, 0, 1, 1, 0
17, 1, 9, 640, 1, 0, 0, 0
78, 3, 7, 486, 1, 1, 0, 1
40, 0, 6, 466, 0, 1, 1, 1
3, 3, 0, 74, 0, 1, 1, 0
10, 2, 3, 219, 1, 0, 1, 0
80, 3, 3, 751, 1, 0, 1, 0
57, 2, 7, 758, 0, 1, 1, 1
51, 3, 5, 150, 0, 0, 0, 0
10, 0, 2, 668, 0, 0, 0, 0
5, 1, 7, 478, 1, 1, 0, 1
44, 1, 2, 536, 1, 0, 0, 0
56, 0, 6, 277, 0, 0, 0, 1
70, 2, 4, 205, 1, 1, 0, 0
51, 0, 9, 894, 0, 1, 1, 1
46, 0, 8, 163, 0, 1, 1, 1
50, 1, 6, 810, 1, 0, 0, 0
18, 1, 7, 123, 1, 0, 1, 1
3, 2, 3, 82, 1, 1, 1, 1
18, 1, 6, 456, 1, 1, 1, 1
1, 2, 7, 88, 1, 0, 1, 1
85, 2, 3, 962, 0, 1, 0, 1
0, 3, 7, 305, 1, 0, 1, 0
31, 1, 8, 69, 1, 1, 1, 0
18, 1, 8, 828, 1, 0, 0, 0
35, 3, 9, 266, 1, 1, 0, 1
62, 3, 8, 963, 1, 0, 1, 0
48, 0, 7, 170, 0, 0, 1, 0
83, 3, 8, 23, 1, 0, 1, 1
98, 0, 8, 917, 1, 0, 1, 1
27, 3, 2, 395, 0, 0, 0, 0
9, 2, 3, 516, 1, 0, 1, 0
79, 2, 2, 709, 0, 0, 0, 0
76, 1, 2, 303, 1, 1, 0, 0
93, 3, 5, 915, 1, 1, 0, 1
44, 0, 9, 969, 0, 0, 1, 1
31, 2, 7, 475, 1, 0, 1, 0
95, 2, 3, 203, 1, 0, 0, 1
2, 3, 3, 159, 1, 1, 1, 0
63, 1, 8, 7, 0, 1, 0, 1
96, 1, 2, 200, 0, 0, 0, 0
17, 2, 3, 843, 1, 1, 0, 0
51, 0, 7, 728, 1, 1, 0, 0
90, 2, 1, 306, 1, 1, 1, 0
19, 3, 3, 1007, 0, 0, 1, 0
91, 3, 9, 1007, 1, 1, 0, 1
37, 1, 3, 521, 0, 1, 1, 0
64, 0, 1, 802, 1, 0, 1, 1
79, 0, 9, 344, 1, 1, 1, 1
63, 3, 6, 943, 0, 0, 1, 0
6, 1, 9, 84, 1, 1, 1, 1
56, 0, 5, 790, 0, 0, 1, 0
43, 2, 3, 328, 1, 0, 1, 1
89, 0, 6, 630, 1, 0, 0, 0
32, 1, 6, 994, 1, 0, 0, 0
19, 2, 4, 530, 0, 0, 0, 0
2, 0, 1, 883, 0, 1, 0, 0
65, 3, 3, 876, 1, 1, 0, 0
60, 2, 5, 739, 0, 0, 1, 1
48, 3, 0, 665, 0, 1, 0, 1
6, 2, 3, 304, 0, 1, 0, 1
56, 1, 3, 680, 1, 0, 0, 0
1, 1, 1, 94, 0, 1, 0, 0
89, 2, 3, 71, 0, 0, 0, 1
36, 1, 9, 554, 1, 0, 0, 0
73, 1, 4, 601, 0, 1, 0, 1
35, 2, 7, 304, 0, 0, 0, 1
93, 0, 0, 781, 0, 0, 0, 0
70, 1, 9, 200, 0, 0, 0, 0
5, 3, 6, 872, 0, 1, 1, 1
88, 0, 1, 227, 0, 0, 0, 0
44, 2, 6, 913, 1, 1, 0, 1
88, 0, 7, 27, 1, 1, 0, 0
75, 0, 7, 291, 0, 0, 1, 0
90, 3, 8, 874, 0, 0, 0, 1
56, 0, 3, 483, 0, 1, 1, 0
83, 1, 0, 725, 1, 0, 1, 0
26, 1, 9, 395, 0, 1, 1, 0
23, 1, 3, 130, 0, 1, 1, 1
7, 0, 6, 294, 1, 1, 1, 0
9, 0, 4, 627, 0, 0, 0, 0
82, 1, 1, 471, 1, 1, 1, 1
46, 2, 3, 562, 0, 0, 0, 0
81, 2, 1, 966, 0, 0, 1, 0
81, 3, 2, 995, 1, 1, 1, 1
4, 1, 6, 726, 0, 0, 1, 0
43, 2, 1, 418, 0, 1, 1, 1
89, 1, 6, 555, 0, 1, 0, 0
1, 3, 8, 366, 1, 1, 0, 1
10, 3, 6, 750, 0, 1, 1, 0
16, 0, 7, 770, 1, 0, 0, 1
65, 1, 9, 52, 0, 1, 1, 0
33, 0, 4, 53, 0, 1, 1, 0
79, 2, 5, 536, 1, 1, 1, 1
61, 1, 9, 822, 0, 0, 1, 1
6, 1, 8, 124, 0, 0, 0, 1
86, 2, 7, 682, 0, 1, 1, 0
16, 3, 9, 959, 0, 1, 0, 1
1, 3, 1, 866, 0, 0, 0, 0
55, 2, 0, 35, 1, 1, 1, 0
96, 0, 6, 238, 1, 0, 0, 1
41, 1, 5, 581, 0, 0, 0, 1
22, 0, 8, 773, 1, 1, 1, 0
79, 0, 4, 351, 0, 0, 0, 1
26, 0, 8, 245, 0, 1, 0, 0
67, 0, 1, 152, 1, 0, 1, 1
68, 2, 8, 780, 1, 0, 1, 0
95, 3, 7, 932, 1, 0, 1, 1
65, 0, 9, 785, 1, 1, 1, 1
25, 2, 2, 385, 1, 1, 0, 1
9, 2, 3, 847, 0, 1, 1, 1
23, 3, 2, 311, 1, 0, 0, 1
63, 0, 4, 974, 1, 0, 0, 0
62, 2, 2, 959, 0, 1, 1, 0
29, 2, 5, 102, 0, 0, 1, 0
46, 1, 1, 204, 0, 1, 1, 1
36, 0, 8, 696, 0, 1, 1, 0
73, 2, 9, 711, 1, 1, 0, 0
66, 1, 2, 798, 1, 1, 0, 1
79, 2, 7, 839, 0, 0, 1, 0
94, 1, 9, 117, 1, 0, 1, 0
60, 0, 0, 680, 0, 0, 0, 1
81, 0, 4, 300, 1, 0, 1, 0
16, 3, 4, 448, 1, 0, 1, 0
82, 3, 6, 486, 0, 1, 1, 1
40, 1, 0, 940, 1, 1, 0, 0
8, 1, 8, 491, 0, 1, 1, 0
76, 3, 0, 565, 0, 0, 1, 0
23, 0, 3, 711, 0, 1, 1, 0
38, 1, 2, 656, 0, 0, 1, 0
50, 0, 3, 789, 1, 0, 1, 0
30, 3, 4, 71, 0, 0, 0, 0
59, 3, 1, 774, 0, 1, 1, 1
12, 1, 4, 496, 0, 0, 1, 1
76, 1, 9, 438, 1, 0, 0, 0
93, 1, 0, 797, 1, 1, 1, 1
71, 1, 8, 352, 0, 1, 0, 0
3, 1, 0, 440, 1, 1, 1, 0
4, 3, 2, 139, 0, 1, 1, 0
34, 2, 9, 296, 1, 0, 0, 1
99, 1, 9, 20, 1, 0, 1, 1
75, 0, 0, 246, 1, 1, 1, 1
47, 1, 9, 362, 1, 0, 1, 0
84, 0, 7, 410, 0, 1, 1, 1
34, 1, 6, 831, 0, 1, 0, 0
38, 0, 6, 619, 0, 1, 0, 1
2, 3, 4, 525, 1, 1, 0, 1
29, 1, 2, 650, 0, 0, 1, 1
20, 1, 8, 34, 0, 0, 1, 1
33, 1, 3, 124, 0, 1, 1, 0
9, 2, 6, 663, 1, 1, 0, 0
47, 1, 7, 517, 1, 1, 1, 1
64, 2, 3, 190, 1, 1, 0, 1
70, 0, 1, 217, 1, 0, 0, 0
92, 0, 5, 515, 1, 1, 0, 0
64, 1, 9, 845, 0, 1, 1, 1
58, 1, 6, 442, 1, 0, 0, 0
55, 0, 7, 323, 1, 0, 0, 1
53, 1, 8, 359, 0, 0, 0, 1
48, 0, 4, 672, 1, 0, 1, 0
54, 1, 4, 526, 0, 1, 1, 1
58, 0, 3, 783, 0, 1, 1, 1
65, 2, 8, 1008, 1, 0, 1, 0
45, 3, 6, 538, 0, 0, 0, 1
0, 1, 6, 73, 1, 0, 0, 0
30, 3, 0, 833, 1, 1, 1, 0
36, 1, 1, 863, 0, 0, 1, 1
60, 1, 8, 792, 0, 1, 0, 1
10, 1, 2, 366, 0, 0, 0, 0
43, 3, 6, 712, 1, 1, 1, 0
18, 1, 6, 382, 1, 0, 0, 1
43, 0, 8, 720, 1, 1, 1, 0
78, 2, 8, 199, 0, 0, 0, 1
21, 3, 6, 521, 1, 1, 0, 0
1, 1, 7, 100, 0, 1, 0, 0
97, 1, 1, 740, 1, 1, 1, 0
23, 3, 8, 207, 0, 1, 0, 0
48, 3, 4, 372, 1, 1, 0, 0
57, 3, 5, 779, 1, 0, 1, 1
53, 2, 8, 560, 1, 1, 1, 1
23, 3, 0, 647, 1, 1, 0, 0
12, 1, 1, 761, 0, 0, 1, 1
82, 0, 7, 146, 0, 0, 0, 1
72, 1, 6, 36, 0, 0, 1, 1
83, 0, 4, 536, 0, 1, 1, 1
46, 0, 7, 325, 1, 1, 1, 0
61, 2, 1, 192, 0, 0, 0, 0
7, 2, 2, 627, 1, 0, 0, 1
86, 0, 4, 593, 0, 1, 1, 1
67, 1, 0, 141, 1, 1, 1, 1
62, 2, 8, 738, 0, 1, 1, 0
19, 3, 8, 260, 1, 1, 1, 1
26, 3, 9, 434, 1, 1, 1, 1
47, 1, 6, 109, 1, 1, 0, 1
29, 0, 2, 575, 1, 1, 1, 1
68, 1, 7, 358, 0, 0, 0, 0
55, 3, 3, 313, 0, 1, 1, 0
48, 2, 0, 738, 0, 0, 1, 0
90, 0, 8, 109, 0, 1, 1, 0
63, 1, 2, 266, 0, 1, 0, 0
82, 3, 3, 337, 0, 1, 0, 0
19, 1, 1, 478, 1, 1, 0, 1
7, 0, 4, 72, 0, 0, 1, 1
95, 2, 9, 625, 0, 0, 1, 1
81, 2, 6, 155, 1, 0, 1, 1
56, 1, 4, 316, 0, 0, 1, 1
9, 2, 6, 709, 0, 1, 1, 1
93, 1, 3, 517, 1, 0, 0, 1
15, 1, 4, 542, 0, 1, 0, 0
27, 2, 2, 387, 1, 0, 1, 1
3, 2, 6, 614, 1, 0, 0, 0
74, 1, 0, 700, 1, 1, 1, 1
43, 3, 2, 302, 1, 1, 1, 0
6, 1, 7, 515, 0, 0, 1, 1
56, 0, 4, 910, 1, 1, 0, 0
51, 1, 0, 912, 0, 1, 0, 0
61, 1, 6, 41, 0, 0, 1, 0
43, 3, 0, 414, 1, 0, 1, 1
26, 2, 6, 476, 1, 0, 1, 1
90, 1, 2, 142, 1, 1, 1, 1
21, 3, 3, 501, 1, 1, 1, 1
15, 3, 2, 374, 0, 0, 0, 0
28, 1, 9, 509, 1, 1, 0, 1
16, 3, 2, 758, 0, 1, 1, 1
94, 0, 6, 81, 0, 0, 0, 0
0, 3, 4, 755, 1, 1, 0, 1
63, 1, 8, 382, 1, 1, 1, 1
9, 3, 8, 476, 1, 1, 0, 0
60, 0, 1, 78, 0, 1, 0, 1
97, 3, 4, 32, 0, 1, 1, 1
8, 0, 1, 895, 0, 0, 0, 1
73, 1, 0, 316, 0, 1, 0, 0
13, 2, 3, 587, 0, 0, 1, 0
15, 2, 2, 809, 1, 1, 1, 1
73, 2, 5, 632, 0, 0, 1, 1
2, 3, 5, 896, 1, 1, 1, 0
41, 0, 5, 144, 1, 0, 0, 1
63, 3, 8, 90, 1, 0, 0, 0
2, 2, 6, 659, 0, 1, 1, 1
52, 0, 6, 453, 0, 0, 1, 1
29, 2, 4, 571, 0, 1, 0, 1
33, 1, 7, 581, 0, 1, 1, 0
81, 2, 0, 250, 0, 1, 1, 0
50, 3, 6, 192, 0, 0, 1, 0
35, 3, 2, 145, 0, 1, 0, 1
17, 0, 9, 970, 1, 0, 1, 1
55, 2, 2, 280, 0, 0, 0, 1
54, 3, 6, 502, 1, 0, 0, 1
82, 3, 4, 32, 1, 0, 0, 0
6, 2, 6, 385, 0, 0, 0, 0
1, 3, 5, 659, 1, 1, 1, 0
52, 1, 8, 327, 1, 0, 0, 1
41, 3, 7, 137, 0, 0, 0, 0
17, 2, 6, 421, 0, 1, 1, 0
51, 3, 1, 884, 1, 0, 1, 1
25, 2, 0, 54, 0, 1, 0, 0
71, 3, 9, 407, 1, 1, 0, 1
50, 0, 2, 253, 1, 0, 0, 1
3, 2, 2, 936, 0, 1, 1, 1
14, 1, 3, 23, 0, 0, 1, 1
75, 3, 5, 786, 0, 0, 1, 1
52, 2, 4, 947, 1, 0, 1, 0
26, 1, 3, 443, 1, 0, 1, 0
77, 1, 4, 925, 0, 1, 0, 0
68, 3, 2, 873, 0, 1, 0, 0
28, 1, 1, 464, 0, 1, 0, 0
10, 0, 5, 488, 0, 0, 0, 0
41, 2, 5, 248, 1, 0, 0, 1
26, 2, 7, 540, 1, 1, 1, 0
35, 2, 6, 172, 0, 0, 1, 0
65, 3, 7, 658, 1, 1, 0, 0
64, 1, 6, 108, 1, 1, 1, 0
84, 2, 5, 791, 0, 0, 1, 1
1, 2, 2, 275, 0, 0, 1, 1
39, 1, 2, 821, 1, 1, 0, 1
52, 1, 8, 952, 0, 1, 1, 0
38, 3, 3, 342, 0, 0, 0, 1
91, 0, 9, 508, 0, 1, 1, 0
38, 1, 5, 592, 1, 0, 0, 1
27, 2, 5, 979, 0, 1, 1, 1
39, 3, 7, 68, 0, 0, 0, 1
60, 3, 1, 511, 1, 1, 1, 1
28, 0, 6, 223, 1, 0, 0, 0
22, 0, 7, 465, 0, 0, 1, 1
55, 1, 9, 596, 1, 0, 0, 1
46, 1, 7, 236, 0, 1, 1, 1
69, 1, 1, 655, 0, 1, 0, 1
97, 0, 5, 606, 0, 0, 1, 1
50, 2, 9, 426, 1, 0, 0, 1
91, 1, 1, 352, 1, 1, 1, 0
27, 0, 4, 841, 0, 1, 0, 0
83, 2, 5, 811, 0, 1, 0, 1
52, 2, 2, 884, 1, 0, 0, 0
42, 0, 4, 811, 0, 0, 1, 1
13, 1, 1, 576, 0, 0, 1, 1
92, 1, 1, 976, 0, 1, 0, 1
13, 2, 1, 977, 0, 0, 0, 0
2, 0, 7, 622, 1, 0, 0, 0
30, 1, 3, 460, 0, 0, 0, 0
58, 2, 9, 162, 1, 0, 1, 0
62, 3, 8, 776, 1, 0, 0, 1
88, 2, 2, 410, 0, 1, 1, 1
89, 0, 3, 757, 1, 1, 1, 1
48, 2, 5, 821, 1, 0, 1, 1
7, 0, 4, 941, 0, 1, 1, 1
56, 0, 2, 165, 0, 0, 0, 0
55, 0, 7, 866, 0, 1, 1, 1
70, 0, 1, 701, 0, 0, 1, 0
9, 0, 7, 739, 1, 0, 1, 1
48, 0, 3, 793, 0, 1, 0, 0
26, 3, 1, 210, 0, 0, 0, 0
49, 1, 8, 833, 0, 0, 1, 1
63, 3, 9, 312, 0, 0, 0, 1
2, 1, 4, 881, 0, 0, 1, 0
13, 1, 8, 994, 0, 1, 1, 1
11, 0, 5, 77, 0, 1, 1, 0
73, 1, 8, 667, 0, 0, 1, 0
1, 3, 4, 498, 0, 1, 1, 0
44, 0, 2, 769, 1, 0, 1, 1
68, 2, 5, 632, 0, 0, 0, 1
1, 2, 4, 687, 0, 1, 1, 1
50, 1, 0, 116, 1, 1, 1, 1
9, 3, 6, 727, 0, 1, 0, 1
59, 1, 3, 527, 1, 1, 0, 0
52, 3, 1, 293, 0, 0, 1, 0
50, 1, 9, 242, 0, 0, 1, 0
82, 1, 4, 301, 1, 1, 1, 1
52, 0, 3, 170, 1, 1, 1, 1
55, 2, 2, 165, 0, 0, 1, 0
76, 1, 4, 549, 0, 0, 1, 1
73, 0, 6, 611, 1, 1, 0, 1
35, 1, 6, 780, 1, 1, 1, 0
16, 2, 5, 297, 0, 1, 1, 1
89, 3, 7, 950, 0, 1, 1, 1
94, 1, 0, 823, 0, 0, 0, 0
55, 0, 2, 767, 0, 1, 1, 0
88, 1, 4, 582, 0, 0, 1, 1
94, 0, 6, 883, 1, 1, 1, 1
69, 3, 8, 364, 0, 1, 1, 1
67, 1, 9, 823, 0, 0, 0, 0
10, 3, 7, 329, 1, 0, 0, 1
4, 2, 3, 367, 1, 0, 0, 1
87, 0, 6, 671, 0, 0, 1, 1
48, 2, 5, 313, 1, 1, 1, 1
85, 2, 1, 180, 1, 1, 1, 1
13, 0, 6, 263, 1, 0, 0, 0
66, 2, 3, 164, 0, 1, 1, 1
33, 0, 1, 691, 0, 1, 0, 0
44, 0, 8, 668, 0, 0, 0, 1
62, 1, 0, 682, 1, 1, 0, 0
90, 0, 1, 1007, 0, 1, 0, 0
61, 3, 5, 386, 0, 1, 0, 0
74, 0, 0, 708, 0, 1, 0, 0
71, 2, 4, 864, 1, 0, 0, 0
71, 1, 8, 622, 1, 0, 0, 1
54, 2, 1, 868, 0, 0, 1, 1
8, 0, 8, 521, 0, 1, 1, 1
83, 3, 0, 546, 0, 1, 1, 1
67, 2, 9, 630, 0, 0, 0, 1
28, 1, 9, 105, 1, 1, 1, 0
34, 0, 8, 832, 0, 1, 0, 1
56, 1, 4, 934, 0, 1, 0, 0
28, 1, 2, 310, 1, 1, 1, 1
84, 3, 2, 806, 1, 1, 0, 1
33, 0, 8, 467, 0, 0, 1, 1
13, 1, 6, 392, 0, 1, 1, 1
43, 0, 9, 417, 1, 0, 1, 1
83, 0, 7, 610, 0, 0, 0, 0
94, 3, 5, 599, 1, 1, 1, 0
13, 3, 5, 365, 0, 0, 0, 0
92, 0, 6, 453, 1, 0, 1, 1
43, 1, 7, 50, 0, 1, 0, 0
52, 3, 3, 997, 0, 0, 1, 0
44, 1, 6, 262, 1, 1, 0, 1
89, 0, 0, 499, 0, 0, 1, 1
2, 2, 7, 65, 1, 1, 1, 1
75, 2, 6, 880, 0, 0, 0, 0
10, 3, 8, 79, 1, 1, 1, 0
63, 1, 5, 673, 0, 1, 0, 1
3, 0, 6, 76, 1, 1, 0, 1
11, 0, 9, 746, 1, 0, 1, 0
59, 0, 4, 804, 1, 1, 0, 0
85, 2, 1, 741, 1, 0, 1, 0
58, 1, 9, 67, 1, 0, 0, 0
79, 2, 2, 156, 1, 0, 0, 0
95, 0, 2, 11, 1, 1, 0, 1
82, 0, 3, 178, 0, 1, 1, 0
68, 0, 2, 837, 0, 1, 0, 0
71, 0, 5, 241, 0, 0, 1, 0
69, 0, 7, 4, 1, 1, 1, 1
67, 1, 8, 216, 0, 1, 1, 1
19, 2, 8, 893, 1, 0, 1, 0
3, 2, 1, 968, 0, 0, 0, 0
64, 0, 5, 66, 1, 1, 0, 0
34, 3, 0, 133, 1, 0, 1, 1
6, 2, 1, 161, 0, 1, 1, 0
65, 0, 1, 928, 1, 0, 1, 1
63, 2, 8, 988, 1, 0, 0, 0
97, 1, 7, 174, 0, 0, 0, 1
65, 3, 2, 588, 1, 1, 0, 1
77, 3, 5, 445, 1, 0, 1, 1
12, 0, 6, 177, 1, 1, 0, 0
54, 1, 1, 469, 0, 1, 0, 0
86, 3, 0, 583, 1, 0, 1, 0
16, 2, 5, 878, 0, 0, 0, 1
94, 3, 2, 849, 0, 1, 1, 0
9, 2, 0, 548, 0, 0, 1, 1
7, 0, 4, 263, 0, 1, 0, 1
47, 2, 9, 10, 0, 1, 1, 1
2, 3, 5, 815, 0, 1, 1, 0
3, 3, 1, 69, 1, 1, 0, 1
59, 2, 3, 825, 0, 0, 0, 0
26, 3, 8, 188, 0, 1, 0, 0
9, 0, 1, 901, 1, 0, 0, 1
87, 3, 8, 574, 1, 0, 1, 1
22, 1, 0, 673, 1, 0, 0, 0
28, 3, 6, 967, 1, 0, 1, 0
49, 3, 5, 369, 1, 0, 0, 0
24, 0, 3, 892, 1, 0, 0, 0
84, 2, 1, 142, 1, 1, 1, 1
96, 0, 1, 483, 1, 0, 0, 0
35, 1, 0, 938, 1, 0, 1, 1
51, 0, 1, 531, 0, 0, 1, 1
69, 2, 2, 278, 1, 1, 0, 1
84, 0, 4, 511, 1, 0, 0, 1
44, 1, 7, 127, 1, 1, 0, 0
7, 2, 4, 83, 1, 1, 1, 0
71, 2, 4, 972, 1, 0, 1, 0
84, 0, 4, 883, 1, 0, 0, 1
61, 1, 0, 523, 0, 0, 1, 0
47, 3, 8, 708, 1, 1, 0, 0
55, 1, 1, 246, 0, 1, 1, 1
37, 0, 9, 808, 0, 1, 0, 1
3, 0, 3, 183, 0, 1, 1, 0
28, 3, 8, 887, 0, 0, 1, 0
50, 2, 5, 347, 0, 0, 0, 0
4, 1, 0, 463, 0, 0, 1, 0
23, 0, 9, 102, 0, 1, 0, 1
49, 2, 1, 753, 0, 0, 0, 1
15, 0, 0, 95, 0, 1, 1, 0
15, 0, 7, 478, 0, 0, 1, 1
7, 3, 1, 564, 1, 0, 0, 1
12, 1, 8, 889, 1, 1, 1, 1
81, 3, 9, 824, 0, 0, 0, 1
13, 3, 9, 674, 1, 0, 1, 1
59, 1, 3, 369, 1, 1, 1, 0
25, 3, 3, 104, 0, 1, 0, 1
76, 0, 4, 521, 0, 1, 1, 0
31, 3, 7, 528, 0, 1, 1, 0
30, 2, 3, 821, 0, 0, 0, 1
24, 3, 2, 640, 1, 1, 0, 1
6, 1, 5, 112, 0, 0, 0, 0
7, 0, 0, 628, 0, 1, 1, 1
30, 2, 4, 711, 0, 1, 0, 0
5, 1, 1, 995, 1, 1, 0, 0
86, 0, 6, 710, 0, 0, 0, 0
87, 3, 7, 167, 0, 0, 0, 0
67, 0, 1, 745, 0, 1, 1, 1
97, 2, 7, 466, 1, 1, 1, 1
36, 3, 9, 570, 1, 0, 1, 1
98, 1, 4, 483, 1, 0, 0, 0
62, 0, 0, 301, 0, 0, 0, 1
96, 2, 2, 446, 1, 1, 1, 1
81, 2, 5, 203, 1, 1, 0, 0
91, 2, 1, 630, 0, 1, 1, 0
14, 3, 8, 214, 0, 1, 1, 1
82, 0, 8, 837, 1, 1, 1, 1
33, 2, 4, 851, 0, 1, 0, 0
88, 2, 6, 824, 1, 0, 0, 0
76, 0, 8, 909, 1, 0, 1, 1
38, 0, 6, 31, 1, 0, 1, 1
67, 0, 9, 967, 0, 1, 1, 0
64, 0, 6, 491, 0, 0, 1, 1
13, 0, 9, 904, 1, 1, 1, 0
55, 2, 9, 188, 1, 0, 1, 1
18, 1, 5, 462, 0, 1, 1, 1
56, 1, 1, 754, 0, 0, 0, 1
83, 2, 9, 892, 1, 1, 1, 0
63, 0, 1, 921, 0, 1, 1, 1
92, 3, 8, 505, 1, 1, 1, 1
46, 2, 1, 911, 0, 1, 1, 1
56, 1, 0, 101, 0, 0, 1, 0
50, 2, 4, 504, 1, 1, 1, 0
92, 3, 9, 504, 1, 1, 1, 1
2, 0, 0, 970, 0, 0, 1, 1
47, 2, 4, 385, 0, 1, 1, 1
8, 3, 2, 870, 1, 0, 1, 1
74, 1, 5, 921, 1, 1, 0, 1
46, 2, 9, 554, 0, 0, 0, 1
86, 1, 6, 690, 1, 0, 0, 0
33, 0, 1, 782, 1, 1, 1, 1
44, 0, 5, 828, 0, 1, 1, 1
36, 1, 0, 994, 0, 1, 1, 0
95, 1, 2, 232, 0, 0, 1, 1
